1,120
2,121
3,122
4,123
5,124
6,125
7,126
8,127
9,128
10,129
11,130
12,131
13,132
14,133
15,134
16,135
17,136
18,137
19,138
20,139
21,140
22,141
23,142
24,143
25,144
26,145
27,146
28,147
29,148
30,149
31,150
32,151
33,152
34,153
35,154
36,155
37,156
38,157
39,158
40,159
41,120
42,121
43,122
44,123
45,124
46,125
47,126
48,127
49,128
50,129
51,130
52,131
53,132
54,133
55,134
56,135
57,136
58,137
59,138
60,139
61,140
62,141
63,142
64,143
65,144
66,145
67,146
68,147
69,148
70,149
71,150
72,151
73,152
74,153
75,154
76,155
77,156
78,157
79,158
80,159
81,120
82,121
83,122
84,123
85,124
86,125
87,126
88,127
89,128
90,129
91,130
92,131
93,132
94,133
95,134
96,135
97,136
98,137
99,138
100,139
101,140
102,141
103,142
104,143
105,144
106,145
107,146
108,147
109,148
110,149
111,150
112,151
113,152
114,153
115,154
116,155
117,156
118,157
119,158
120,160
121,161
122,162
123,163
124,164
125,165
126,166
127,167
128,168
129,169
130,170
131,171
132,172
133,160
134,161
135,162
136,163
137,164
138,165
139,166
140,167
141,168
