1,191
2,192
3,193
4,194
5,195
6,196
7,197
8,198
9,199
10,200
11,201
12,202
13,203
14,204
15,205
16,206
17,207
18,208
19,209
20,210
21,211
22,212
23,213
24,214
25,215
26,216
27,217
28,218
29,219
30,220
31,221
32,222
33,223
34,224
35,225
36,226
37,227
38,228
39,229
40,230
41,231
42,232
43,233
44,234
45,235
46,236
47,237
48,238
49,191
50,192
51,193
52,194
53,195
54,196
55,197
56,198
57,199
58,200
59,201
60,202
61,203
62,204
63,205
64,206
65,207
66,208
67,209
68,210
69,211
70,212
71,213
72,214
73,215
74,216
75,217
76,218
77,219
78,220
79,221
80,222
81,223
82,224
83,225
84,226
85,227
86,228
87,229
88,230
89,231
90,232
91,233
92,234
93,235
94,236
95,237
96,238
97,191
98,192
99,193
100,194
101,195
102,196
103,197
104,198
105,199
106,200
107,201
108,202
109,203
110,204
111,205
112,206
113,207
114,208
115,209
116,210
117,211
118,212
119,213
120,214
121,215
122,216
123,217
124,218
125,219
126,220
127,221
128,222
129,223
130,224
131,225
132,226
133,227
134,228
135,229
136,230
137,231
138,232
139,233
140,234
141,235
142,236
143,237
144,238
145,191
146,192
147,193
148,194
149,195
150,196
151,197
152,198
153,199
154,200
155,201
156,202
157,203
158,204
159,205
160,206
161,207
162,208
163,209
164,210
165,211
166,212
167,213
168,214
169,215
170,216
171,217
172,218
173,219
174,220
175,221
176,222
177,223
178,224
179,225
180,226
181,227
182,228
183,229
184,230
185,231
186,232
187,233
188,234
189,235
190,236
191,239
192,240
193,241
194,242
195,243
196,244
197,245
198,246
199,247
200,248
201,249
202,250
203,239
204,240
205,241
206,242
207,243
208,244
209,245
210,246
211,247
212,248
213,249
214,250
215,239
216,240
217,241
218,242
219,243
220,244
221,245
222,246
223,247
224,248
225,249
226,250
227,239
228,240
229,241
230,242
231,243
232,244
233,245
234,246
235,247
236,248
237,249
238,250
239,251
240,252
241,253
242,251
243,252
244,253
245,251
246,252
247,253
248,251
249,252
250,253